<?xml version="1.0" encoding="windows-1250"?>
<opencv_storage>
<camera_matrix type_id="opencv-matrix">
<rows>3</rows>
<cols>3</cols>
<dt>d</dt>
<data>
    1.0505389037312020e+03 0. 4.7950000000000000e+02 0.
    1.0505389037312020e+03 3.5950000000000000e+02 0. 0. 1.</data></camera_matrix>
<image_width>640</image_width>
<image_height>480</image_height>
<distortion_coefficients type_id="opencv-matrix">
<rows>5</rows>
<cols>1</cols>
<dt>d</dt>
<data>
    -1.4587415401712661e-01 1.2984390050018890e+00 0. 0.
    -3.8271932902259582e+00</data></distortion_coefficients>
</opencv_storage>